save
100
100
0.0100000000 0.0092847020 0.0001413575 0.9980227922 0.0000459001
0.0300000000 0.0267895313 0.0008048351 0.9942956536 0.0001933000
0.0500000000 0.0463430676 0.0008820504 0.9899765913 0.0002332765
0.0700000000 0.0657190287 0.0007836766 0.9855043468 0.0002430244
0.0900000000 0.0867910307 0.0010439364 0.9806705215 0.0003158799
0.1100000000 0.1062558190 0.0008446019 0.9761356823 0.0002589745
0.1300000000 0.1268899555 0.0015805209 0.9711672140 0.0003798716
0.1500000000 0.1486385866 0.0013831379 0.9661940405 0.0004118192
0.1700000000 0.1690489153 0.0011716103 0.9613809252 0.0004129851
0.1900000000 0.1907097741 0.0018177731 0.9562914268 0.0003790502
0.2100000000 0.2097829097 0.0014595383 0.9523290464 0.0003039116
0.2300000000 0.2326983058 0.0018772059 0.9460521495 0.0004229863
0.2500000000 0.2545882608 0.0014731541 0.9405665162 0.0004251302
0.2700000000 0.2765329430 0.0015831340 0.9356470846 0.0004600072
0.2900000000 0.2946759884 0.0010504254 0.9311964182 0.0002734854
0.3100000000 0.3205328861 0.0012366495 0.9251000179 0.0002321534
0.3300000000 0.3423365498 0.0019917418 0.9196226637 0.0004982756
0.3500000000 0.3627755314 0.0025839558 0.9140822409 0.0009690183
0.3700000000 0.3898341543 0.0023525588 0.9066236522 0.0005253908
0.3900000000 0.4113171756 0.0010316610 0.9022219403 0.0002207211
0.4100000000 0.4344457598 0.0012618137 0.8957853311 0.0004319454
0.4300000000 0.4577401720 0.0013745684 0.8907185450 0.0004414631
0.4500000000 0.4813432449 0.0019762323 0.8842539616 0.0003612331
0.4700000000 0.5038639466 0.0017501906 0.8777513553 0.0005960099
0.4900000000 0.5284555965 0.0016998542 0.8717057549 0.0004968185
0.5100000000 0.5531502078 0.0022010361 0.8657086215 0.0009843629
0.5300000000 0.5848267646 0.0032641804 0.8579730480 0.0005992173
0.5500000000 0.6011299127 0.0021860240 0.8530805929 0.0005539707
0.5700000000 0.6262418689 0.0018968936 0.8453059642 0.0004580518
0.5900000000 0.6594501355 0.0021386469 0.8376081769 0.0006771590
0.6100000000 0.6779835022 0.0037285290 0.8347816689 0.0007059464
0.6300000000 0.7004480394 0.0036847276 0.8291492029 0.0015409187
0.6500000000 0.7329946706 0.0045233989 0.8200914772 0.0016223444
0.6700000000 0.7586130014 0.0024634037 0.8131454527 0.0009529551
0.6900000000 0.7814283690 0.0022272668 0.8061219683 0.0006065895
0.7100000000 0.8201921419 0.0019113588 0.7957922734 0.0005660004
0.7300000000 0.8480904662 0.0023839151 0.7895788351 0.0008014481
0.7500000000 0.8743264306 0.0038889555 0.7824088516 0.0009981102
0.7700000000 0.9144028414 0.0036499770 0.7718343707 0.0009336332
0.7900000000 0.9375258953 0.0055947996 0.7639285308 0.0014593591
0.8100000000 0.9715961925 0.0043441914 0.7518045571 0.0011428555
0.8300000000 1.0008366935 0.0061232225 0.7415317377 0.0015398898
0.8500000000 1.0339888543 0.0110590869 0.7344679300 0.0029142232
0.8700000000 1.0789046296 0.0073002161 0.7194989436 0.0021679273
0.8900000000 1.1277403439 0.0034912594 0.7032362047 0.0007779779
0.9100000000 1.1736175050 0.0086520873 0.6899332592 0.0022077438
0.9300000000 1.1952259827 0.0027839441 0.6846269964 0.0012210470
0.9500000000 1.2351897675 0.0044111690 0.6743039401 0.0015484161
0.9700000000 1.2839883194 0.0031419719 0.6571615034 0.0009158556
0.9900000000 1.3405061345 0.0095234933 0.6371145646 0.0033651689
1.0100000000 1.4211503967 0.0140075194 0.6103962248 0.0044787404
1.0300000000 1.4772446667 0.0054955065 0.5920059897 0.0013662161
1.0500000000 1.5046118331 0.0035178418 0.5790672816 0.0018852062
1.0700000000 1.5623902741 0.0037348732 0.5623380246 0.0018807568
1.0900000000 1.6461753536 0.0068157636 0.5317456918 0.0035177700
1.1100000000 1.7257705923 0.0070499616 0.4936919718 0.0051137922
1.1300000000 1.7968351572 0.0116043595 0.4660582211 0.0059807542
1.1500000000 1.8885334480 0.0097277542 0.4217422992 0.0070401405
1.1700000000 1.9924539085 0.0087263330 0.3619908297 0.0062610458
1.1900000000 2.0721337256 0.0121035720 0.3103706432 0.0078233291
1.2100000000 2.1730375562 0.0159694386 0.2491281806 0.0104747076
1.2300000000 2.2493346906 0.0084972722 0.1762972953 0.0117641303
1.2500000000 2.3209795052 0.0112016864 0.1156710531 0.0090820640
1.2700000000 2.3542156847 0.0083386498 0.0570157808 0.0074257189
1.2900000000 2.3846825715 0.0045477132 0.0277157905 0.0031453460
1.3100000000 2.3980570706 0.0064747085 0.0106268180 0.0055434070
1.3300000000 2.4190461614 0.0070349868 0.0084275785 0.0058794191
1.3500000000 2.4278257868 0.0064633029 0.0021887491 0.0028745551
1.3700000000 2.4455449020 0.0041992257 0.0076465102 0.0054534229
1.3900000000 2.4490162209 0.0057366581 0.0049502516 0.0055048842
1.4100000000 2.4666621314 0.0043827987 0.0021769894 0.0045215594
1.4300000000 2.4714847731 0.0061690508 0.0028878740 0.0032841633
1.4500000000 2.4826772474 0.0052497303 0.0040861330 0.0042602700
1.4700000000 2.5030322113 0.0036414360 0.0002470086 0.0009880662
1.4900000000 2.5120618008 0.0030372648 0.0069670147 0.0055286748
1.5100000000 2.5193677838 0.0057290901 0.0084716386 0.0049758577
1.5300000000 2.5251254227 0.0042139813 0.0066877165 0.0052268291
1.5500000000 2.5323502730 0.0054722959 0.0041912917 0.0048251082
1.5700000000 2.5366493788 0.0038618267 0.0010489630 0.0028963665
1.5900000000 2.5511847196 0.0056740822 0.0034709476 0.0043015707
1.6100000000 2.5536744372 0.0045735082 0.0011406660 0.0023761029
1.6300000000 2.5624926164 0.0037985165 0.0033322041 0.0032692005
1.6500000000 2.5691928482 0.0072638941 0.0018363826 0.0028152544
1.6700000000 2.5764584966 0.0060548631 0.0016368198 0.0039867588
1.6900000000 2.5868492339 0.0050259571 0.0028347208 0.0038264306
1.7100000000 2.5897077004 0.0044936534 0.0063900691 0.0040355422
1.7300000000 2.5966575517 0.0037297094 0.0045734550 0.0046915348
1.7500000000 2.5999019078 0.0046763068 0.0022916664 0.0038494044
1.7700000000 2.6103585240 0.0049074078 0.0026366351 0.0033580881
1.7900000000 2.6159748150 0.0053801730 0.0030549205 0.0032641859
1.8100000000 2.6200011145 0.0029247354 0.0004674458 0.0012551160
1.8300000000 2.6231267957 0.0052938864 0.0024895180 0.0031689430
1.8500000000 2.6289219324 0.0055809851 0.0027911866 0.0023684878
1.8700000000 2.6355575128 0.0046551071 0.0078179724 0.0047954097
1.8900000000 2.6396782799 0.0052056629 0.0007002523 0.0016826297
1.9100000000 2.6431656801 0.0024871168 0.0033459510 0.0038404606
1.9300000000 2.6480235221 0.0034422852 0.0017133728 0.0025255316
1.9500000000 2.6530803459 0.0036103255 0.0028056115 0.0025667411
1.9700000000 2.6576299183 0.0032919779 0.0012874857 0.0026183942
1.9900000000 2.6621900979 0.0078438519 0.0059860323 0.0039393612
